% Number of threads = 4

% number of repeats:% 3
% enter first, last, inc:% 48 1968 48 
data = [
%  n          reference      |         current implementation 
%        time       GFLOPS   |    time       GFLOPS     diff 
  1968 8.0983e-02 1.8824e+02    1.1308e-01 1.3481e+02 3.0127e-12
  1920 7.4115e-02 1.9100e+02    9.7926e-02 1.4456e+02 2.9559e-12
  1872 6.9773e-02 1.8804e+02    9.3462e-02 1.4038e+02 2.7285e-12
  1824 6.3799e-02 1.9024e+02    8.3031e-02 1.4617e+02 2.7285e-12
  1776 5.8764e-02 1.9066e+02    7.7630e-02 1.4432e+02 2.6148e-12
  1728 5.4194e-02 1.9042e+02    6.9226e-02 1.4907e+02 2.6716e-12
  1680 5.0473e-02 1.8789e+02    7.3559e-02 1.2892e+02 2.4443e-12
  1632 4.5967e-02 1.8912e+02    6.1443e-02 1.4149e+02 2.5011e-12
  1584 4.2098e-02 1.8881e+02    5.9281e-02 1.3408e+02 2.1600e-12
  1536 3.8602e-02 1.8776e+02    5.3288e-02 1.3601e+02 2.2169e-12
  1488 3.4976e-02 1.8840e+02    4.6918e-02 1.4044e+02 2.1600e-12
  1440 3.1928e-02 1.8705e+02    4.2566e-02 1.4030e+02 1.9895e-12
  1392 2.8827e-02 1.8713e+02    4.4786e-02 1.2045e+02 1.8758e-12
  1344 2.6208e-02 1.8526e+02    3.6447e-02 1.3322e+02 1.8190e-12
  1296 2.3598e-02 1.8449e+02    3.5712e-02 1.2191e+02 1.7621e-12
  1248 2.1013e-02 1.8501e+02    2.8828e-02 1.3485e+02 1.5916e-12
  1200 1.8633e-02 1.8548e+02    2.6389e-02 1.3096e+02 1.6485e-12
  1152 1.6752e-02 1.8253e+02    2.3721e-02 1.2890e+02 1.5348e-12
  1104 1.5748e-02 1.7089e+02    3.0250e-02 8.8964e+01 1.2506e-12
  1056 1.3782e-02 1.7088e+02    2.4035e-02 9.7987e+01 1.2506e-12
  1008 1.1785e-02 1.7381e+02    2.2188e-02 9.2321e+01 1.1937e-12
   960 9.6739e-03 1.8291e+02    1.4360e-02 1.2322e+02 1.1084e-12
   912 8.4681e-03 1.7915e+02    1.3088e-02 1.1592e+02 9.3792e-13
   864 7.1784e-03 1.7970e+02    1.0599e-02 1.2170e+02 8.8107e-13
   816 6.1916e-03 1.7551e+02    1.1441e-02 9.4978e+01 7.6739e-13
   768 5.1993e-03 1.7425e+02    8.2283e-03 1.1010e+02 7.9581e-13
   720 4.2434e-03 1.7592e+02    7.5140e-03 9.9347e+01 6.5370e-13
   672 3.4734e-03 1.7474e+02    5.6253e-03 1.0789e+02 6.5370e-13
   624 2.7723e-03 1.7529e+02    4.9104e-03 9.8962e+01 5.6843e-13
   576 2.2208e-03 1.7210e+02    3.5768e-03 1.0686e+02 5.1159e-13
   528 1.7477e-03 1.6844e+02    3.8946e-03 7.5591e+01 3.6948e-13
   480 1.3163e-03 1.6803e+02    2.1790e-03 1.0151e+02 2.9843e-13
   432 9.9362e-04 1.6228e+02    2.1198e-03 7.6065e+01 2.7001e-13
   384 7.5861e-04 1.4928e+02    1.4830e-03 7.6360e+01 2.1316e-13
   336 5.4144e-04 1.4012e+02    1.1014e-03 6.8883e+01 1.7053e-13
   288 3.4716e-04 1.3762e+02    7.5405e-04 6.3359e+01 1.1369e-13
   240 2.2645e-04 1.2209e+02    5.6683e-04 4.8776e+01 4.2633e-14
   192 1.3442e-04 1.0531e+02    2.6589e-04 5.3239e+01 2.8422e-14
   144 8.2294e-05 7.2569e+01    1.5825e-04 3.7738e+01 2.8422e-14
    96 4.7128e-05 3.7546e+01    6.5373e-05 2.7067e+01 1.0658e-14
    48 2.4877e-05 8.8911e+00    1.9046e-05 1.1613e+01 5.3291e-15
];

% Maximum difference between reference and your implementation: 3.012701e-12.
