% Number of threads = 3

% number of repeats:% 3
% enter first, last, inc:% 48 1488 48 
data = [
%  n          reference      |         current implementation 
%        time       GFLOPS   |    time       GFLOPS     diff 
  1488 1.3397e-01 4.9183e+01    1.0888e-01 6.0518e+01 2.1600e-12
  1440 1.2204e-01 4.8935e+01    1.2978e-01 4.6017e+01 2.1032e-12
  1392 1.1046e-01 4.8836e+01    1.1718e-01 4.6038e+01 1.9327e-12
  1344 1.0015e-01 4.8482e+01    1.0625e-01 4.5700e+01 1.7621e-12
  1296 9.0693e-02 4.8003e+01    9.6555e-02 4.5089e+01 1.8190e-12
  1248 7.9186e-02 4.9093e+01    8.1378e-02 4.7771e+01 1.6485e-12
  1200 7.0460e-02 4.9049e+01    7.3982e-02 4.6714e+01 1.5348e-12
  1152 6.2858e-02 4.8644e+01    6.6019e-02 4.6315e+01 1.3642e-12
  1104 5.5389e-02 4.8586e+01    6.1419e-02 4.3816e+01 1.2506e-12
  1056 4.8655e-02 4.8405e+01    5.4485e-02 4.3226e+01 1.1937e-12
  1008 4.1982e-02 4.8792e+01    4.3124e-02 4.7500e+01 1.0232e-12
   960 3.6385e-02 4.8632e+01    3.9133e-02 4.5217e+01 1.0232e-12
   912 3.1319e-02 4.8441e+01    3.4572e-02 4.3882e+01 1.0800e-12
   864 2.6720e-02 4.8276e+01    2.9877e-02 4.3175e+01 8.5265e-13
   816 2.2622e-02 4.8037e+01    2.6981e-02 4.0276e+01 8.2423e-13
   768 1.8485e-02 4.9011e+01    1.9393e-02 4.6717e+01 7.1054e-13
   720 1.5599e-02 4.7855e+01    1.6675e-02 4.4767e+01 6.8212e-13
   672 1.2433e-02 4.8817e+01    1.4760e-02 4.1120e+01 5.6843e-13
   624 9.8492e-03 4.9338e+01    1.2046e-02 4.0342e+01 5.4001e-13
   576 7.7532e-03 4.9297e+01    1.0229e-02 3.7365e+01 4.8317e-13
   528 5.9458e-03 4.9514e+01    8.7327e-03 3.3712e+01 4.2633e-13
   480 4.4192e-03 5.0050e+01    5.6724e-03 3.8993e+01 3.1264e-13
   432 3.2437e-03 4.9710e+01    4.3890e-03 3.6738e+01 2.7001e-13
   384 3.3828e-03 3.3477e+01    3.1971e-03 3.5422e+01 5.6843e-14
   336 2.2637e-03 3.3514e+01    2.4458e-03 3.1019e+01 5.6843e-14
   288 1.4385e-03 3.3213e+01    1.7661e-03 2.7051e+01 7.1054e-14
   240 5.4628e-04 5.0611e+01    9.1741e-04 3.0137e+01 4.2633e-14
   192 2.8294e-04 5.0031e+01    5.5543e-04 2.5486e+01 2.8422e-14
   144 1.1700e-04 5.1043e+01    2.9176e-04 2.0469e+01 2.8422e-14
    96 3.6478e-05 4.8508e+01    1.3525e-04 1.3083e+01 1.0658e-14
    48 5.1300e-06 4.3116e+01    3.7610e-05 5.8810e+00 5.3291e-15
];

% Maximum difference between reference and your implementation: 2.160050e-12.
