% Number of threads = 4

% number of repeats:% 3
% enter first, last, inc:% 48 1488 48 
data = [
%  n          reference      |         current implementation 
%        time       GFLOPS   |    time       GFLOPS     diff 
  1488 3.5984e-02 1.8312e+02    7.6191e-02 8.6484e+01 0.0000e+00
  1440 3.2085e-02 1.8613e+02    6.7435e-02 8.8558e+01 0.0000e+00
  1392 3.0758e-02 1.7538e+02    6.5985e-02 8.1753e+01 0.0000e+00
  1344 2.7317e-02 1.7774e+02    6.0676e-02 8.0023e+01 0.0000e+00
  1296 2.4480e-02 1.7784e+02    5.5569e-02 7.8345e+01 0.0000e+00
  1248 2.1996e-02 1.7674e+02    4.8345e-02 8.0412e+01 0.0000e+00
  1200 1.9356e-02 1.7855e+02    4.3339e-02 7.9743e+01 0.0000e+00
  1152 1.7525e-02 1.7448e+02    4.0172e-02 7.6114e+01 0.0000e+00
  1104 1.5451e-02 1.7417e+02    3.4689e-02 7.7579e+01 0.0000e+00
  1056 1.3651e-02 1.7253e+02    3.0967e-02 7.6053e+01 0.0000e+00
  1008 1.1553e-02 1.7730e+02    2.7743e-02 7.3835e+01 0.0000e+00
   960 1.0486e-02 1.6875e+02    2.3252e-02 7.6099e+01 0.0000e+00
   912 9.0835e-03 1.6702e+02    1.9441e-02 7.8038e+01 0.0000e+00
   864 7.7498e-03 1.6645e+02    1.7750e-02 7.2673e+01 0.0000e+00
   816 6.5461e-03 1.6600e+02    1.4742e-02 7.3713e+01 0.0000e+00
   768 5.4661e-03 1.6574e+02    1.3137e-02 6.8964e+01 0.0000e+00
   720 4.4547e-03 1.6758e+02    1.0481e-02 7.1224e+01 0.0000e+00
   672 3.6902e-03 1.6447e+02    8.4630e-03 7.1715e+01 0.0000e+00
   624 2.9908e-03 1.6248e+02    7.0212e-03 6.9210e+01 0.0000e+00
   576 2.4355e-03 1.5693e+02    5.8384e-03 6.5465e+01 0.0000e+00
   528 1.9304e-03 1.5251e+02    4.8100e-03 6.1205e+01 0.0000e+00
   480 1.4654e-03 1.5094e+02    3.3627e-03 6.5775e+01 0.0000e+00
   432 1.1491e-03 1.4032e+02    2.4332e-03 6.6267e+01 0.0000e+00
   384 8.6485e-04 1.3094e+02    1.8423e-03 6.1470e+01 0.0000e+00
   336 6.2268e-04 1.2184e+02    1.3681e-03 5.5453e+01 0.0000e+00
   288 4.3463e-04 1.0992e+02    1.0147e-03 4.7082e+01 0.0000e+00
   240 2.5281e-04 1.0936e+02    5.6351e-04 4.9064e+01 0.0000e+00
   192 2.0639e-04 6.8589e+01    3.5249e-04 4.0159e+01 0.0000e+00
   144 1.7191e-04 3.4738e+01    1.5685e-04 3.8073e+01 0.0000e+00
    96 5.2128e-05 3.3945e+01    7.1033e-05 2.4911e+01 0.0000e+00
    48 2.6499e-05 8.3469e+00    2.1169e-05 1.0448e+01 0.0000e+00
];

% Maximum difference between reference and your implementation: 0.000000e+00.
