% Number of threads = 4

% number of repeats:% 3
% enter first, last, inc:% 48 2496 48 
data = [
%  n          reference      |         current implementation 
%        time       GFLOPS   |    time       GFLOPS     diff 
  2496 1.6557e-01 1.8784e+02    1.6128e-01 1.9284e+02 4.8885e-12
  2448 1.5672e-01 1.8722e+02    1.5270e-01 1.9214e+02 4.6612e-12
  2400 1.4788e-01 1.8697e+02    1.4317e-01 1.9312e+02 4.7748e-12
  2352 1.3899e-01 1.8722e+02    1.3553e-01 1.9200e+02 4.4338e-12
  2304 1.3089e-01 1.8688e+02    1.2797e-01 1.9114e+02 3.9790e-12
  2256 1.2165e-01 1.8877e+02    1.1933e-01 1.9244e+02 3.8654e-12
  2208 1.1425e-01 1.8844e+02    1.1228e-01 1.9175e+02 3.6380e-12
  2160 1.1167e-01 1.8049e+02    1.0924e-01 1.8451e+02 3.7517e-12
  2112 1.0536e-01 1.7882e+02    1.0248e-01 1.8385e+02 3.1832e-12
  2064 9.8308e-02 1.7888e+02    9.6584e-02 1.8208e+02 3.1832e-12
  2016 8.8024e-02 1.8617e+02    8.6820e-02 1.8875e+02 2.8990e-12
  1968 8.0901e-02 1.8843e+02    8.4946e-02 1.7946e+02 2.8990e-12
  1920 7.5392e-02 1.8776e+02    7.9581e-02 1.7788e+02 2.7285e-12
  1872 7.0890e-02 1.8508e+02    7.5653e-02 1.7343e+02 2.7853e-12
  1824 6.4805e-02 1.8728e+02    6.7922e-02 1.7869e+02 2.5580e-12
  1776 5.9515e-02 1.8825e+02    6.2384e-02 1.7959e+02 2.5011e-12
  1728 5.4969e-02 1.8774e+02    5.8307e-02 1.7699e+02 2.5580e-12
  1680 5.1233e-02 1.8510e+02    5.3445e-02 1.7744e+02 2.3874e-12
  1632 4.6560e-02 1.8671e+02    5.1150e-02 1.6996e+02 2.2169e-12
  1584 4.3843e-02 1.8130e+02    4.5949e-02 1.7299e+02 2.3874e-12
  1536 4.0780e-02 1.7773e+02    4.0781e-02 1.7773e+02 2.2737e-12
  1488 3.6515e-02 1.8045e+02    3.7603e-02 1.7523e+02 2.0464e-12
  1440 3.3153e-02 1.8013e+02    3.4612e-02 1.7254e+02 1.9895e-12
  1392 2.9363e-02 1.8372e+02    3.2273e-02 1.6715e+02 1.9327e-12
  1344 2.6541e-02 1.8294e+02    2.8744e-02 1.6892e+02 1.8758e-12
  1296 2.3773e-02 1.8313e+02    2.5715e-02 1.6930e+02 1.8190e-12
  1248 2.1292e-02 1.8258e+02    2.2272e-02 1.7454e+02 1.7053e-12
  1200 1.8963e-02 1.8225e+02    1.9423e-02 1.7794e+02 1.5348e-12
  1152 1.7022e-02 1.7963e+02    1.7280e-02 1.7694e+02 1.3642e-12
  1104 1.4920e-02 1.8037e+02    1.5771e-02 1.7064e+02 1.3642e-12
  1056 1.3035e-02 1.8069e+02    1.3711e-02 1.7177e+02 1.1937e-12
  1008 1.1695e-02 1.7515e+02    1.1283e-02 1.8154e+02 1.0232e-12
   960 1.0040e-02 1.7623e+02    9.7455e-03 1.8157e+02 9.0949e-13
   912 8.5424e-03 1.7760e+02    8.3455e-03 1.8179e+02 8.8107e-13
   864 7.2202e-03 1.7866e+02    6.9943e-03 1.8443e+02 8.8107e-13
   816 6.2415e-03 1.7410e+02    5.7242e-03 1.8984e+02 8.2423e-13
   768 5.2238e-03 1.7343e+02    4.7998e-03 1.8875e+02 7.6739e-13
   720 4.1170e-03 1.8132e+02    3.8086e-03 1.9600e+02 7.1054e-13
   672 3.3991e-03 1.7855e+02    3.1149e-03 1.9485e+02 6.5370e-13
   624 2.8368e-03 1.7130e+02    2.4920e-03 1.9500e+02 5.4001e-13
   576 2.3063e-03 1.6572e+02    1.9958e-03 1.9151e+02 5.4001e-13
   528 1.8438e-03 1.5967e+02    1.5469e-03 1.9031e+02 4.5475e-13
   480 1.3696e-03 1.6149e+02    1.1572e-03 1.9114e+02 3.4106e-13
   432 9.8834e-04 1.6314e+02    8.5408e-04 1.8879e+02 2.9843e-13
   384 7.0640e-04 1.6031e+02    6.1862e-04 1.8306e+02 2.2737e-13
   336 5.0122e-04 1.5136e+02    4.1738e-04 1.8177e+02 1.7053e-13
   288 3.8975e-04 1.2258e+02    2.7498e-04 1.7375e+02 1.1369e-13
   240 2.2405e-04 1.2340e+02    1.6485e-04 1.6772e+02 4.2633e-14
   192 1.3232e-04 1.0698e+02    9.1402e-05 1.5487e+02 2.8422e-14
   144 8.8456e-05 6.7513e+01    4.5445e-05 1.3141e+02 2.8422e-14
    96 4.2319e-05 4.1813e+01    2.0078e-05 8.8130e+01 1.4211e-14
    48 2.6761e-05 8.2652e+00    7.8440e-06 2.8198e+01 5.3291e-15
];

% Maximum difference between reference and your implementation: 4.888534e-12.
