% Number of threads = 4

% number of repeats:% 3
% enter first, last, inc:% 48 1968 48 
data = [
%  n          reference      |         current implementation 
%        time       GFLOPS   |    time       GFLOPS     diff 
  1968 8.1683e-02 1.8663e+02    9.5889e-02 1.5898e+02 3.0127e-12
  1920 7.4553e-02 1.8987e+02    8.9507e-02 1.5815e+02 2.9559e-12
  1872 6.9884e-02 1.8775e+02    8.3647e-02 1.5685e+02 2.7285e-12
  1824 6.3980e-02 1.8970e+02    7.8105e-02 1.5539e+02 2.7285e-12
  1776 5.8957e-02 1.9003e+02    7.2331e-02 1.5489e+02 2.6148e-12
  1728 5.4365e-02 1.8982e+02    6.7228e-02 1.5350e+02 2.6716e-12
  1680 5.0952e-02 1.8612e+02    6.2744e-02 1.5114e+02 2.4443e-12
  1632 4.6113e-02 1.8852e+02    5.7587e-02 1.5096e+02 2.5011e-12
  1584 4.2243e-02 1.8817e+02    5.2834e-02 1.5045e+02 2.1600e-12
  1536 3.8874e-02 1.8644e+02    4.9110e-02 1.4758e+02 2.2169e-12
  1488 3.5156e-02 1.8743e+02    4.5127e-02 1.4602e+02 2.1600e-12
  1440 3.1929e-02 1.8704e+02    4.1717e-02 1.4315e+02 1.9895e-12
  1392 2.8893e-02 1.8670e+02    3.8131e-02 1.4147e+02 1.8758e-12
  1344 2.6215e-02 1.8521e+02    3.4996e-02 1.3874e+02 1.8190e-12
  1296 2.3614e-02 1.8436e+02    3.1863e-02 1.3664e+02 1.7621e-12
  1248 2.0943e-02 1.8563e+02    2.8707e-02 1.3542e+02 1.5916e-12
  1200 1.8803e-02 1.8380e+02    2.5748e-02 1.3422e+02 1.6485e-12
  1152 1.6733e-02 1.8273e+02    2.3004e-02 1.3292e+02 1.5348e-12
  1104 1.4703e-02 1.8303e+02    2.0561e-02 1.3088e+02 1.2506e-12
  1056 1.2916e-02 1.8234e+02    1.8296e-02 1.2873e+02 1.2506e-12
  1008 1.1107e-02 1.8442e+02    1.5715e-02 1.3034e+02 1.1937e-12
   960 9.5641e-03 1.8501e+02    1.3702e-02 1.2914e+02 1.1084e-12
   912 8.3233e-03 1.8227e+02    1.1412e-02 1.3294e+02 9.3792e-13
   864 7.1029e-03 1.8161e+02    9.8945e-03 1.3037e+02 8.8107e-13
   816 6.1560e-03 1.7652e+02    8.4692e-03 1.2831e+02 7.6739e-13
   768 5.1744e-03 1.7509e+02    7.2273e-03 1.2535e+02 7.9581e-13
   720 4.2039e-03 1.7757e+02    6.4757e-03 1.1528e+02 6.5370e-13
   672 3.4765e-03 1.7458e+02    5.0457e-03 1.2029e+02 6.5370e-13
   624 2.7432e-03 1.7714e+02    4.3950e-03 1.1057e+02 5.6843e-13
   576 2.2015e-03 1.7361e+02    3.2864e-03 1.1630e+02 5.1159e-13
   528 1.7212e-03 1.7104e+02    2.8009e-03 1.0511e+02 3.6948e-13
   480 1.3119e-03 1.6860e+02    2.0475e-03 1.0803e+02 2.9843e-13
   432 9.6672e-04 1.6679e+02    1.7285e-03 9.3284e+01 2.7001e-13
   384 7.5000e-04 1.5100e+02    1.3033e-03 8.6892e+01 2.1316e-13
   336 4.9913e-04 1.5200e+02    9.5313e-04 7.9597e+01 1.7053e-13
   288 3.4738e-04 1.3753e+02    6.7269e-04 7.1022e+01 1.1369e-13
   240 2.1336e-04 1.2958e+02    4.3742e-04 6.3207e+01 4.2633e-14
   192 1.2824e-04 1.1039e+02    2.4569e-04 5.7616e+01 2.8422e-14
   144 7.4209e-05 8.0475e+01    1.3316e-04 4.4848e+01 2.8422e-14
    96 3.9384e-05 4.4929e+01    5.4412e-05 3.2520e+01 1.0658e-14
    48 2.3244e-05 9.5157e+00    1.3896e-05 1.5917e+01 5.3291e-15
];

% Maximum difference between reference and your implementation: 3.012701e-12.
