% number of repeats:% 1000
% enter first, last, inc:% 48 1488 48 
data = [
%  n          reference      |         current implementation 
%        time       GFLOPS   |    time       GFLOPS     diff 
  1488 1.3385e-01 4.9229e+01    7.4343e-01 8.8634e+00 2.1600e-12
  1440 1.2194e-01 4.8973e+01    4.6604e-01 1.2814e+01 2.1032e-12
  1392 1.1063e-01 4.8763e+01    2.9907e-01 1.8037e+01 1.9327e-12
  1344 9.9784e-02 4.8660e+01    2.3840e-01 2.0367e+01 1.7621e-12
  1296 9.0635e-02 4.8034e+01    1.7043e-01 2.5544e+01 1.8190e-12
  1248 7.8736e-02 4.9374e+01    1.4391e-01 2.7013e+01 1.6485e-12
  1200 7.0446e-02 4.9059e+01    1.2893e-01 2.6805e+01 1.5348e-12
  1152 6.2341e-02 4.9047e+01    1.4207e-01 2.1522e+01 1.3642e-12
  1104 5.5059e-02 4.8877e+01    1.0841e-01 2.4823e+01 1.2506e-12
  1056 4.7859e-02 4.9211e+01    9.0132e-02 2.6130e+01 1.1937e-12
  1008 4.1456e-02 4.9411e+01    6.0641e-02 3.3779e+01 1.0232e-12
   960 3.5925e-02 4.9254e+01    5.3196e-02 3.3263e+01 1.0232e-12
   912 3.0797e-02 4.9261e+01    4.2902e-02 3.5362e+01 1.0800e-12
   864 2.6146e-02 4.9336e+01    3.6766e-02 3.5085e+01 8.5265e-13
   816 2.1966e-02 4.9471e+01    3.1293e-02 3.4726e+01 8.2423e-13
   768 1.8071e-02 5.0133e+01    2.8338e-02 3.1970e+01 7.1054e-13
   720 1.4902e-02 5.0093e+01    2.1628e-02 3.4516e+01 6.8212e-13
   672 1.2096e-02 5.0176e+01    1.7649e-02 3.4389e+01 5.6843e-13
   624 9.6824e-03 5.0188e+01    1.4253e-02 3.4093e+01 5.4001e-13
   576 7.6503e-03 4.9960e+01    1.1409e-02 3.3499e+01 4.8317e-13
   528 5.9384e-03 4.9575e+01    8.8948e-03 3.3098e+01 4.2633e-13
   480 4.4064e-03 5.0196e+01    6.3252e-03 3.4969e+01 3.1264e-13
   432 3.2337e-03 4.9864e+01    4.7027e-03 3.4287e+01 2.7001e-13
   384 3.3360e-03 3.3947e+01    3.3109e-03 3.4204e+01 5.6843e-14
   336 2.2407e-03 3.3858e+01    2.2085e-03 3.4352e+01 5.6843e-14
   288 1.4192e-03 3.3664e+01    1.3978e-03 3.4180e+01 7.1054e-14
   240 5.3661e-04 5.1524e+01    7.9118e-04 3.4945e+01 4.2633e-14
   192 2.7647e-04 5.1202e+01    4.0020e-04 3.5372e+01 2.8422e-14
   144 1.1699e-04 5.1047e+01    1.6228e-04 3.6799e+01 2.8422e-14
    96 3.5436e-05 4.9934e+01    4.8952e-05 3.6147e+01 1.0658e-14
    48 4.8690e-06 4.5427e+01    6.3320e-06 3.4931e+01 5.3291e-15
];

% Maximum difference between reference and your implementation: 2.160050e-12.
