% number of repeats:% 1000
% enter first, last, inc:% 48 1488 48 
data = [
%  n          reference      |         current implementation 
%        time       GFLOPS   |    time       GFLOPS     diff 
  1488 1.3341e-01 4.9393e+01    1.6867e+00 3.9066e+00 2.1600e-12
  1440 1.2180e-01 4.9030e+01    6.6997e-01 8.9137e+00 2.1032e-12
  1392 1.1053e-01 4.8803e+01    5.6091e-01 9.6173e+00 1.9327e-12
  1344 1.0010e-01 4.8506e+01    5.0383e-01 9.6371e+00 1.7621e-12
  1296 9.0443e-02 4.8136e+01    4.1233e-01 1.0558e+01 1.8190e-12
  1248 7.8997e-02 4.9211e+01    3.6073e-01 1.0777e+01 1.6485e-12
  1200 7.0487e-02 4.9031e+01    3.2243e-01 1.0719e+01 1.5348e-12
  1152 6.2692e-02 4.8772e+01    2.9418e-01 1.0394e+01 1.3642e-12
  1104 5.5041e-02 4.8894e+01    2.4866e-01 1.0823e+01 1.2506e-12
  1056 4.7840e-02 4.9231e+01    2.1830e-01 1.0789e+01 1.1937e-12
  1008 4.1786e-02 4.9021e+01    1.8932e-01 1.0820e+01 1.0232e-12
   960 3.6303e-02 4.8742e+01    1.7074e-01 1.0364e+01 1.0232e-12
   912 3.1135e-02 4.8726e+01    1.4011e-01 1.0828e+01 1.0800e-12
   864 2.6492e-02 4.8692e+01    1.1947e-01 1.0797e+01 8.5265e-13
   816 2.2210e-02 4.8927e+01    1.0020e-01 1.0845e+01 8.2423e-13
   768 1.8044e-02 5.0209e+01    9.7304e-02 9.3107e+00 7.1054e-13
   720 1.5191e-02 4.9140e+01    6.8499e-02 1.0898e+01 6.8212e-13
   672 1.2075e-02 5.0265e+01    5.5896e-02 1.0858e+01 5.6843e-13
   624 9.6489e-03 5.0362e+01    4.4512e-02 1.0917e+01 5.4001e-13
   576 7.6410e-03 5.0020e+01    3.5810e-02 1.0673e+01 4.8317e-13
   528 5.9254e-03 4.9684e+01    2.6958e-02 1.0921e+01 4.2633e-13
   480 4.4002e-03 5.0266e+01    2.0344e-02 1.0872e+01 3.1264e-13
   432 3.2255e-03 4.9991e+01    1.4706e-02 1.0964e+01 2.7001e-13
   384 3.3449e-03 3.3856e+01    1.0615e-02 1.0669e+01 5.6843e-14
   336 2.2438e-03 3.3812e+01    6.8900e-03 1.1011e+01 5.6843e-14
   288 1.4231e-03 3.3572e+01    4.3722e-03 1.0927e+01 7.1054e-14
   240 5.5268e-04 5.0026e+01    2.4888e-03 1.1109e+01 4.2633e-14
   192 2.8489e-04 4.9688e+01    1.3083e-03 1.0820e+01 2.8422e-14
   144 1.1792e-04 5.0643e+01    5.1937e-04 1.1498e+01 2.8422e-14
    96 3.5266e-05 5.0175e+01    1.5697e-04 1.1272e+01 1.0658e-14
    48 4.8690e-06 4.5427e+01    1.3715e-05 1.6127e+01 5.3291e-15
];

% Maximum difference between reference and your implementation: 2.160050e-12.
