% number of repeats:% 1000
% enter first, last, inc:% 48 1488 48 
data = [
%  n          reference      |         current implementation 
%        time       GFLOPS   |    time       GFLOPS     diff 
  1488 1.3377e-01 4.9257e+01    7.8490e-01 8.3951e+00 2.1600e-12
  1440 1.2162e-01 4.9105e+01    4.6070e-01 1.2963e+01 2.1032e-12
  1392 1.1045e-01 4.8841e+01    2.5738e-01 2.0959e+01 1.9327e-12
  1344 9.8993e-02 4.9048e+01    3.1676e-01 1.5329e+01 1.7621e-12
  1296 9.0214e-02 4.8258e+01    2.0346e-01 2.1398e+01 1.8190e-12
  1248 7.8375e-02 4.9601e+01    1.8988e-01 2.0473e+01 1.6485e-12
  1200 7.0233e-02 4.9208e+01    1.6168e-01 2.1376e+01 1.5348e-12
  1152 6.1936e-02 4.9368e+01    1.9218e-01 1.5910e+01 1.3642e-12
  1104 5.4802e-02 4.9106e+01    1.2988e-01 2.0720e+01 1.2506e-12
  1056 4.7439e-02 4.9646e+01    1.1187e-01 2.1052e+01 1.1937e-12
  1008 4.1269e-02 4.9635e+01    9.7591e-02 2.0990e+01 1.0232e-12
   960 3.5778e-02 4.9457e+01    1.1180e-01 1.5827e+01 1.0232e-12
   912 3.0676e-02 4.9456e+01    7.2199e-02 2.1013e+01 1.0800e-12
   864 2.5940e-02 4.9729e+01    6.2441e-02 2.0659e+01 8.5265e-13
   816 2.1808e-02 4.9829e+01    5.2397e-02 2.0739e+01 8.2423e-13
   768 1.8046e-02 5.0204e+01    6.9967e-02 1.2948e+01 7.1054e-13
   720 1.4785e-02 5.0491e+01    3.5602e-02 2.0968e+01 6.8212e-13
   672 1.2013e-02 5.0523e+01    2.9539e-02 2.0547e+01 5.6843e-13
   624 9.6356e-03 5.0432e+01    2.3790e-02 2.0426e+01 5.4001e-13
   576 7.6267e-03 5.0114e+01    2.3916e-02 1.5981e+01 4.8317e-13
   528 5.9139e-03 4.9781e+01    1.4524e-02 2.0269e+01 4.2633e-13
   480 4.3914e-03 5.0368e+01    1.1144e-02 1.9847e+01 3.1264e-13
   432 3.2196e-03 5.0082e+01    8.2274e-03 1.9598e+01 2.7001e-13
   384 3.3693e-03 3.3612e+01    6.8547e-03 1.6521e+01 5.6843e-14
   336 2.2594e-03 3.3578e+01    3.8864e-03 1.9521e+01 5.6843e-14
   288 1.4343e-03 3.3309e+01    2.4717e-03 1.9329e+01 7.1054e-14
   240 5.3840e-04 5.1352e+01    1.3912e-03 1.9874e+01 4.2633e-14
   192 2.8179e-04 5.0235e+01    7.2657e-04 1.9483e+01 2.8422e-14
   144 1.1656e-04 5.1236e+01    2.7106e-04 2.2032e+01 2.8422e-14
    96 3.5297e-05 5.0131e+01    8.1132e-05 2.1810e+01 1.0658e-14
    48 4.8690e-06 4.5427e+01    9.7580e-06 2.2667e+01 5.3291e-15
];

% Maximum difference between reference and your implementation: 2.160050e-12.
