% number of repeats:% 1000
% enter first, last, inc:% 48 1488 48 
data = [
%  n          reference      |         current implementation 
%        time       GFLOPS   |    time       GFLOPS     diff 
  1488 1.3387e-01 4.9221e+01    1.1180e+00 5.8941e+00 2.1600e-12
  1440 1.2213e-01 4.8898e+01    5.2805e-01 1.1310e+01 2.1032e-12
  1392 1.1068e-01 4.8739e+01    2.6267e-01 2.0537e+01 1.9327e-12
  1344 9.9382e-02 4.8856e+01    3.6572e-01 1.3276e+01 1.7621e-12
  1296 9.0320e-02 4.8201e+01    1.7310e-01 2.5151e+01 1.8190e-12
  1248 7.8866e-02 4.9293e+01    2.0198e-01 1.9247e+01 1.6485e-12
  1200 7.0179e-02 4.9246e+01    1.4076e-01 2.4552e+01 1.5348e-12
  1152 6.2136e-02 4.9209e+01    1.4757e-01 2.0719e+01 1.3642e-12
  1104 5.5049e-02 4.8886e+01    1.1117e-01 2.4207e+01 1.2506e-12
  1056 4.7803e-02 4.9268e+01    1.0069e-01 2.3391e+01 1.1937e-12
  1008 4.1729e-02 4.9088e+01    7.2788e-02 2.8142e+01 1.0232e-12
   960 3.5752e-02 4.9493e+01    8.7521e-02 2.0218e+01 1.0232e-12
   912 3.0995e-02 4.8946e+01    5.1243e-02 2.9606e+01 1.0800e-12
   864 2.6052e-02 4.9514e+01    4.3261e-02 2.9818e+01 8.5265e-13
   816 2.1977e-02 4.9447e+01    3.5843e-02 3.0317e+01 8.2423e-13
   768 1.8048e-02 5.0197e+01    4.6518e-02 1.9476e+01 7.1054e-13
   720 1.5023e-02 4.9690e+01    2.4416e-02 3.0574e+01 6.8212e-13
   672 1.2111e-02 5.0114e+01    2.0164e-02 3.0100e+01 5.6843e-13
   624 9.6739e-03 5.0232e+01    1.5999e-02 3.0374e+01 5.4001e-13
   576 7.6426e-03 5.0010e+01    1.9031e-02 2.0083e+01 4.8317e-13
   528 5.9216e-03 4.9716e+01    9.6960e-03 3.0363e+01 4.2633e-13
   480 4.4113e-03 5.0141e+01    7.3598e-03 3.0053e+01 3.1264e-13
   432 3.2313e-03 4.9900e+01    5.3910e-03 2.9910e+01 2.7001e-13
   384 3.3679e-03 3.3625e+01    5.4107e-03 2.0930e+01 5.6843e-14
   336 2.2621e-03 3.3538e+01    2.5407e-03 2.9860e+01 5.6843e-14
   288 1.4330e-03 3.3340e+01    1.5959e-03 2.9937e+01 7.1054e-14
   240 5.4522e-04 5.0710e+01    8.7646e-04 3.1545e+01 4.2633e-14
   192 2.8335e-04 4.9958e+01    4.4438e-04 3.1855e+01 2.8422e-14
   144 1.1727e-04 5.0925e+01    1.8540e-04 3.2212e+01 2.8422e-14
    96 3.5396e-05 4.9991e+01    5.5183e-05 3.2066e+01 1.0658e-14
    48 4.8690e-06 4.5427e+01    6.5320e-06 3.3862e+01 5.3291e-15
];

% Maximum difference between reference and your implementation: 2.160050e-12.
