% number of repeats:% 1000
% enter first, last, inc:% 48 1488 48 
data = [
%  n          reference      |         current implementation 
%        time       GFLOPS   |    time       GFLOPS     diff 
  1488 1.3339e-01 4.9397e+01    9.6301e-01 6.8424e+00 2.1600e-12
  1440 1.2198e-01 4.8959e+01    7.9957e-01 7.4689e+00 2.1032e-12
  1392 1.1041e-01 4.8858e+01    5.5508e-01 9.7183e+00 1.9327e-12
  1344 1.0004e-01 4.8537e+01    4.8713e-01 9.9675e+00 1.7621e-12
  1296 8.9944e-02 4.8403e+01    4.0836e-01 1.0661e+01 1.8190e-12
  1248 7.8686e-02 4.9406e+01    3.6360e-01 1.0692e+01 1.6485e-12
  1200 7.0432e-02 4.9068e+01    3.2395e-01 1.0668e+01 1.5348e-12
  1152 6.2705e-02 4.8763e+01    2.9737e-01 1.0282e+01 1.3642e-12
  1104 5.5163e-02 4.8785e+01    2.5303e-01 1.0636e+01 1.2506e-12
  1056 4.8266e-02 4.8796e+01    2.2128e-01 1.0643e+01 1.1937e-12
  1008 4.1766e-02 4.9044e+01    1.9190e-01 1.0674e+01 1.0232e-12
   960 3.6065e-02 4.9063e+01    1.7624e-01 1.0040e+01 1.0232e-12
   912 3.0978e-02 4.8974e+01    1.4166e-01 1.0710e+01 1.0800e-12
   864 2.6132e-02 4.9362e+01    1.2102e-01 1.0659e+01 8.5265e-13
   816 2.2012e-02 4.9368e+01    1.0137e-01 1.0720e+01 8.2423e-13
   768 1.8019e-02 5.0280e+01    1.1256e-01 8.0485e+00 7.1054e-13
   720 1.4959e-02 4.9901e+01    6.9167e-02 1.0793e+01 6.8212e-13
   672 1.2034e-02 5.0434e+01    5.6884e-02 1.0669e+01 5.6843e-13
   624 9.6364e-03 5.0428e+01    4.5008e-02 1.0797e+01 5.4001e-13
   576 7.6323e-03 5.0078e+01    3.6801e-02 1.0386e+01 4.8317e-13
   528 5.9173e-03 4.9751e+01    2.7318e-02 1.0777e+01 4.2633e-13
   480 4.3943e-03 5.0334e+01    2.1221e-02 1.0423e+01 3.1264e-13
   432 3.2216e-03 5.0051e+01    1.4963e-02 1.0776e+01 2.7001e-13
   384 3.3358e-03 3.3949e+01    1.0921e-02 1.0369e+01 5.6843e-14
   336 2.2357e-03 3.3934e+01    6.8923e-03 1.1007e+01 5.6843e-14
   288 1.4255e-03 3.3516e+01    4.3943e-03 1.0872e+01 7.1054e-14
   240 5.3875e-04 5.1319e+01    2.4939e-03 1.1086e+01 4.2633e-14
   192 2.8316e-04 4.9992e+01    1.3259e-03 1.0677e+01 2.8422e-14
   144 1.1774e-04 5.0721e+01    5.0220e-04 1.1892e+01 2.8422e-14
    96 3.5397e-05 4.9989e+01    1.4778e-04 1.1974e+01 1.0658e-14
    48 4.8690e-06 4.5427e+01    1.3966e-05 1.5837e+01 5.3291e-15
];

% Maximum difference between reference and your implementation: 2.160050e-12.
