% number of repeats:% 1000
% enter first, last, inc:% 48 1488 48 
data = [
%  n          reference      |         current implementation 
%        time       GFLOPS   |    time       GFLOPS     diff 
  1488 1.3350e-01 4.9357e+01    2.3051e-01 2.8586e+01 2.1600e-12
  1440 1.2202e-01 4.8943e+01    3.6255e-01 1.6472e+01 2.1032e-12
  1392 1.1038e-01 4.8871e+01    2.7102e-01 1.9904e+01 1.9327e-12
  1344 9.9847e-02 4.8629e+01    2.5483e-01 1.9053e+01 1.7621e-12
  1296 9.0411e-02 4.8153e+01    1.5618e-01 2.7875e+01 1.8190e-12
  1248 7.8735e-02 4.9375e+01    1.1933e-01 3.2579e+01 1.6485e-12
  1200 7.0498e-02 4.9023e+01    1.0647e-01 3.2461e+01 1.5348e-12
  1152 6.2211e-02 4.9149e+01    1.0826e-01 2.8243e+01 1.3642e-12
  1104 5.5164e-02 4.8784e+01    8.1047e-02 3.3205e+01 1.2506e-12
  1056 4.8269e-02 4.8793e+01    7.1762e-02 3.2819e+01 1.1937e-12
  1008 4.1740e-02 4.9074e+01    5.9941e-02 3.4173e+01 1.0232e-12
   960 3.5959e-02 4.9208e+01    5.2929e-02 3.3431e+01 1.0232e-12
   912 3.1091e-02 4.8795e+01    4.3910e-02 3.4550e+01 1.0800e-12
   864 2.6190e-02 4.9254e+01    3.7271e-02 3.4610e+01 8.5265e-13
   816 2.2108e-02 4.9153e+01    3.1174e-02 3.4858e+01 8.2423e-13
   768 1.8097e-02 5.0061e+01    2.8641e-02 3.1632e+01 7.1054e-13
   720 1.4968e-02 4.9874e+01    2.1348e-02 3.4967e+01 6.8212e-13
   672 1.2095e-02 5.0178e+01    1.7388e-02 3.4906e+01 5.6843e-13
   624 9.6812e-03 5.0194e+01    1.3933e-02 3.4877e+01 5.4001e-13
   576 7.6618e-03 4.9885e+01    1.1102e-02 3.4426e+01 4.8317e-13
   528 5.9478e-03 4.9497e+01    8.4762e-03 3.4732e+01 4.2633e-13
   480 4.4136e-03 5.0115e+01    6.4002e-03 3.4559e+01 3.1264e-13
   432 3.2341e-03 4.9857e+01    4.6701e-03 3.4527e+01 2.7001e-13
   384 3.3472e-03 3.3833e+01    3.3196e-03 3.4115e+01 5.6843e-14
   336 2.2501e-03 3.3717e+01    2.1797e-03 3.4806e+01 5.6843e-14
   288 1.4273e-03 3.3473e+01    1.3669e-03 3.4952e+01 7.1054e-14
   240 5.4908e-04 5.0353e+01    7.9621e-04 3.4724e+01 4.2633e-14
   192 2.8191e-04 5.0214e+01    4.0964e-04 3.4557e+01 2.8422e-14
   144 1.1694e-04 5.1069e+01    1.7156e-04 3.4809e+01 2.8422e-14
    96 3.5236e-05 5.0218e+01    5.1477e-05 3.4374e+01 1.0658e-14
    48 4.8690e-06 4.5427e+01    6.6020e-06 3.3503e+01 5.3291e-15
];

% Maximum difference between reference and your implementation: 2.160050e-12.
