% number of repeats:% 1000
% enter first, last, inc:% 48 1488 48 
data = [
%  n          reference      |         current implementation 
%        time       GFLOPS   |    time       GFLOPS     diff 
  1488 1.3328e-01 4.9438e+01    2.6936e-01 2.4463e+01 2.1600e-12
  1440 1.2121e-01 4.9268e+01    3.7501e-01 1.5925e+01 2.1032e-12
  1392 1.0993e-01 4.9073e+01    2.6159e-01 2.0622e+01 1.9327e-12
  1344 9.8768e-02 4.9160e+01    2.4083e-01 2.0161e+01 1.7621e-12
  1296 8.9803e-02 4.8479e+01    1.3051e-01 3.3358e+01 1.8190e-12
  1248 7.8123e-02 4.9762e+01    1.1643e-01 3.3389e+01 1.6485e-12
  1200 7.0251e-02 4.9195e+01    1.0274e-01 3.3640e+01 1.5348e-12
  1152 6.1906e-02 4.9392e+01    1.1354e-01 2.6930e+01 1.3642e-12
  1104 5.4556e-02 4.9329e+01    7.9396e-02 3.3895e+01 1.2506e-12
  1056 4.7755e-02 4.9317e+01    7.0122e-02 3.3587e+01 1.1937e-12
  1008 4.1196e-02 4.9722e+01    6.1931e-02 3.3075e+01 1.0232e-12
   960 3.5784e-02 4.9448e+01    6.1338e-02 2.8848e+01 1.0232e-12
   912 3.0552e-02 4.9656e+01    4.6150e-02 3.2874e+01 1.0800e-12
   864 2.5879e-02 4.9845e+01    3.9349e-02 3.2782e+01 8.5265e-13
   816 2.1797e-02 4.9854e+01    3.2707e-02 3.3225e+01 8.2423e-13
   768 1.8046e-02 5.0204e+01    3.5647e-02 2.5415e+01 7.1054e-13
   720 1.4800e-02 5.0438e+01    2.2493e-02 3.3187e+01 6.8212e-13
   672 1.2040e-02 5.0411e+01    1.8493e-02 3.2819e+01 5.6843e-13
   624 9.6636e-03 5.0286e+01    1.4764e-02 3.2914e+01 5.4001e-13
   576 7.6446e-03 4.9997e+01    1.2719e-02 3.0051e+01 4.8317e-13
   528 5.9305e-03 4.9641e+01    9.0153e-03 3.2655e+01 4.2633e-13
   480 4.4032e-03 5.0232e+01    6.7467e-03 3.2784e+01 3.1264e-13
   432 3.2253e-03 4.9993e+01    5.0464e-03 3.1952e+01 2.7001e-13
   384 3.3718e-03 3.3586e+01    3.6271e-03 3.1222e+01 5.6843e-14
   336 2.2697e-03 3.3426e+01    2.2975e-03 3.3020e+01 5.6843e-14
   288 1.4383e-03 3.3217e+01    1.4402e-03 3.3172e+01 7.1054e-14
   240 5.5004e-04 5.0265e+01    8.3695e-04 3.3034e+01 4.2633e-14
   192 2.8271e-04 5.0072e+01    4.1692e-04 3.3953e+01 2.8422e-14
   144 1.1679e-04 5.1135e+01    1.7354e-04 3.4413e+01 2.8422e-14
    96 3.5476e-05 4.9878e+01    5.1988e-05 3.4036e+01 1.0658e-14
    48 4.8580e-06 4.5530e+01    6.5820e-06 3.3604e+01 5.3291e-15
];

% Maximum difference between reference and your implementation: 2.160050e-12.
