% number of repeats:% 1000
% enter first, last, inc:% 48 1488 48 
data = [
%  n          reference      |         current implementation 
%        time       GFLOPS   |    time       GFLOPS     diff 
  1488 1.3329e-01 4.9434e+01    1.5949e+00 4.1315e+00 2.1600e-12
  1440 1.2168e-01 4.9080e+01    1.0062e+00 5.9351e+00 2.1032e-12
  1392 1.1021e-01 4.8945e+01    7.6689e-01 7.0342e+00 1.9327e-12
  1344 9.9296e-02 4.8898e+01    4.5591e-01 1.0650e+01 1.7621e-12
  1296 9.0352e-02 4.8184e+01    3.4386e-01 1.2661e+01 1.8190e-12
  1248 7.8648e-02 4.9429e+01    2.4455e-01 1.5897e+01 1.6485e-12
  1200 7.0596e-02 4.8954e+01    2.7887e-01 1.2393e+01 1.5348e-12
  1152 6.2564e-02 4.8873e+01    2.1186e-01 1.4432e+01 1.3642e-12
  1104 5.4910e-02 4.9010e+01    1.6770e-01 1.6047e+01 1.2506e-12
  1056 4.8181e-02 4.8882e+01    1.4709e-01 1.6012e+01 1.1937e-12
  1008 4.1680e-02 4.9146e+01    1.2749e-01 1.6067e+01 1.0232e-12
   960 3.5781e-02 4.9452e+01    1.2374e-01 1.4300e+01 1.0232e-12
   912 3.0944e-02 4.9028e+01    9.4505e-02 1.6053e+01 1.0800e-12
   864 2.6254e-02 4.9133e+01    8.0542e-02 1.6016e+01 8.5265e-13
   816 2.2000e-02 4.9395e+01    6.7448e-02 1.6111e+01 8.2423e-13
   768 1.8037e-02 5.0229e+01    8.1213e-02 1.1155e+01 7.1054e-13
   720 1.4967e-02 4.9876e+01    4.6154e-02 1.6174e+01 6.8212e-13
   672 1.2148e-02 4.9963e+01    3.7620e-02 1.6133e+01 5.6843e-13
   624 9.6498e-03 5.0358e+01    2.9961e-02 1.6219e+01 5.4001e-13
   576 7.6407e-03 5.0022e+01    2.5942e-02 1.4733e+01 4.8317e-13
   528 5.9285e-03 4.9658e+01    1.8106e-02 1.6259e+01 4.2633e-13
   480 4.4001e-03 5.0268e+01    1.3671e-02 1.6179e+01 3.1264e-13
   432 3.2249e-03 4.9999e+01    9.9395e-03 1.6222e+01 2.7001e-13
   384 3.3344e-03 3.3963e+01    7.4411e-03 1.5219e+01 5.6843e-14
   336 2.2425e-03 3.3832e+01    4.6590e-03 1.6284e+01 5.6843e-14
   288 1.4243e-03 3.3544e+01    2.9362e-03 1.6271e+01 7.1054e-14
   240 5.4129e-04 5.1078e+01    1.6961e-03 1.6301e+01 4.2633e-14
   192 2.7973e-04 5.0604e+01    8.7369e-04 1.6202e+01 2.8422e-14
   144 1.1760e-04 5.0782e+01    3.5283e-04 1.6926e+01 2.8422e-14
    96 3.5437e-05 4.9933e+01    1.0268e-04 1.7233e+01 1.0658e-14
    48 4.8690e-06 4.5427e+01    1.0970e-05 2.0163e+01 5.3291e-15
];

% Maximum difference between reference and your implementation: 2.160050e-12.
