% number of repeats:% 1000
% enter first, last, inc:% 48 1488 48 
data = [
%  n          reference      |         current implementation 
%        time       GFLOPS   |    time       GFLOPS     diff 
  1488 1.3371e-01 4.9281e+01    7.2562e-01 9.0809e+00 2.1600e-12
  1440 1.2216e-01 4.8887e+01    7.8910e-01 7.5681e+00 2.1032e-12
  1392 1.1047e-01 4.8832e+01    5.2004e-01 1.0373e+01 1.9327e-12
  1344 1.0022e-01 4.8450e+01    3.3638e-01 1.4435e+01 1.7621e-12
  1296 9.0221e-02 4.8254e+01    2.0286e-01 2.1460e+01 1.8190e-12
  1248 7.8881e-02 4.9283e+01    1.6684e-01 2.3301e+01 1.6485e-12
  1200 7.0623e-02 4.8936e+01    1.4832e-01 2.3300e+01 1.5348e-12
  1152 6.2425e-02 4.8981e+01    1.3116e-01 2.3313e+01 1.3642e-12
  1104 5.5465e-02 4.8519e+01    1.1835e-01 2.2739e+01 1.2506e-12
  1056 4.8318e-02 4.8743e+01    1.0520e-01 2.2387e+01 1.1937e-12
  1008 4.1797e-02 4.9008e+01    5.6552e-02 3.6221e+01 1.0232e-12
   960 3.5961e-02 4.9205e+01    5.2124e-02 3.3947e+01 1.0232e-12
   912 3.1003e-02 4.8933e+01    4.3603e-02 3.4793e+01 1.0800e-12
   864 2.6254e-02 4.9134e+01    3.5445e-02 3.6393e+01 8.5265e-13
   816 2.2091e-02 4.9191e+01    3.0612e-02 3.5498e+01 8.2423e-13
   768 1.8107e-02 5.0035e+01    2.7069e-02 3.3469e+01 7.1054e-13
   720 1.5079e-02 4.9506e+01    2.1442e-02 3.4815e+01 6.8212e-13
   672 1.2086e-02 5.0219e+01    1.7221e-02 3.5243e+01 5.6843e-13
   624 9.6919e-03 5.0139e+01    1.4802e-02 3.2829e+01 5.4001e-13
   576 7.6728e-03 4.9813e+01    1.1575e-02 3.3019e+01 4.8317e-13
   528 5.9596e-03 4.9399e+01    9.8638e-03 2.9846e+01 4.2633e-13
   480 4.4372e-03 4.9848e+01    6.7531e-03 3.2753e+01 3.1264e-13
   432 3.2351e-03 4.9841e+01    4.9705e-03 3.2440e+01 2.7001e-13
   384 3.3435e-03 3.3871e+01    3.4539e-03 3.2788e+01 5.6843e-14
   336 2.2564e-03 3.3622e+01    2.3013e-03 3.2967e+01 5.6843e-14
   288 1.4218e-03 3.3601e+01    1.4220e-03 3.3598e+01 7.1054e-14
   240 5.5236e-04 5.0055e+01    7.6607e-04 3.6091e+01 4.2633e-14
   192 2.8343e-04 4.9944e+01    3.7501e-04 3.7747e+01 2.8422e-14
   144 1.1710e-04 5.0999e+01    1.4856e-04 4.0200e+01 2.8422e-14
    96 3.5267e-05 5.0174e+01    4.4964e-05 3.9353e+01 1.0658e-14
    48 4.8590e-06 4.5520e+01    5.7810e-06 3.8261e+01 5.3291e-15
];

% Maximum difference between reference and your implementation: 2.160050e-12.
