% number of repeats:% 1000
% enter first, last, inc:% 48 1488 48 
data = [
%  n          reference      |         current implementation 
%        time       GFLOPS   |    time       GFLOPS     diff 
  1488 1.3289e-01 4.9586e+01    8.2584e-01 7.9789e+00 2.1600e-12
  1440 1.2158e-01 4.9118e+01    5.8467e-01 1.0214e+01 2.1032e-12
  1392 1.1027e-01 4.8920e+01    3.7818e-01 1.4264e+01 1.9327e-12
  1344 9.9515e-02 4.8791e+01    3.2519e-01 1.4931e+01 1.7621e-12
  1296 8.9967e-02 4.8391e+01    2.0536e-01 2.1200e+01 1.8190e-12
  1248 7.8662e-02 4.9420e+01    1.8364e-01 2.1170e+01 1.6485e-12
  1200 7.0324e-02 4.9144e+01    1.6064e-01 2.1514e+01 1.5348e-12
  1152 6.2650e-02 4.8805e+01    1.5610e-01 1.9588e+01 1.3642e-12
  1104 5.4858e-02 4.9057e+01    1.2772e-01 2.1071e+01 1.2506e-12
  1056 4.8154e-02 4.8909e+01    1.1123e-01 2.1174e+01 1.1937e-12
  1008 4.1525e-02 4.9329e+01    7.2155e-02 2.8389e+01 1.0232e-12
   960 3.5859e-02 4.9345e+01    6.2893e-02 2.8135e+01 1.0232e-12
   912 3.0773e-02 4.9299e+01    5.3697e-02 2.8253e+01 1.0800e-12
   864 2.6213e-02 4.9211e+01    4.5500e-02 2.8351e+01 8.5265e-13
   816 2.1952e-02 4.9503e+01    3.8136e-02 2.8495e+01 8.2423e-13
   768 1.8029e-02 5.0251e+01    3.3057e-02 2.7407e+01 7.1054e-13
   720 1.5060e-02 4.9569e+01    2.6200e-02 2.8492e+01 6.8212e-13
   672 1.2150e-02 4.9953e+01    2.1339e-02 2.8442e+01 5.6843e-13
   624 9.7096e-03 5.0047e+01    1.7090e-02 2.8434e+01 5.4001e-13
   576 7.6461e-03 4.9987e+01    1.3472e-02 2.8370e+01 4.8317e-13
   528 5.9195e-03 4.9733e+01    1.0596e-02 2.7784e+01 4.2633e-13
   480 4.4067e-03 5.0192e+01    7.7428e-03 2.8566e+01 3.1264e-13
   432 3.2341e-03 4.9856e+01    5.6474e-03 2.8552e+01 2.7001e-13
   384 3.3495e-03 3.3810e+01    3.9421e-03 2.8728e+01 5.6843e-14
   336 2.2503e-03 3.3714e+01    2.6550e-03 2.8574e+01 5.6843e-14
   288 1.4235e-03 3.3561e+01    1.6579e-03 2.8818e+01 7.1054e-14
   240 5.5291e-04 5.0005e+01    9.6542e-04 2.8638e+01 4.2633e-14
   192 2.8549e-04 4.9583e+01    4.9089e-04 2.8837e+01 2.8422e-14
   144 1.1752e-04 5.0817e+01    2.0721e-04 2.8821e+01 2.8422e-14
    96 3.5406e-05 4.9977e+01    6.2386e-05 2.8363e+01 1.0658e-14
    48 4.8790e-06 4.5334e+01    8.0040e-06 2.7634e+01 5.3291e-15
];

% Maximum difference between reference and your implementation: 2.160050e-12.
