% number of repeats:% 1000
% enter first, last, inc:% 48 1488 48 
data = [
%  n          reference      |         current implementation 
%        time       GFLOPS   |    time       GFLOPS     diff 
  1488 1.3371e-01 4.9279e+01    1.1907e+00 5.5339e+00 2.1600e-12
  1440 1.2209e-01 4.8914e+01    3.1386e-01 1.9027e+01 2.1032e-12
  1392 1.1078e-01 4.8695e+01    2.6043e-01 2.0714e+01 1.9327e-12
  1344 9.9960e-02 4.8574e+01    2.4676e-01 1.9677e+01 1.7621e-12
  1296 9.0567e-02 4.8070e+01    2.0548e-01 2.1188e+01 1.8190e-12
  1248 7.8974e-02 4.9226e+01    1.8588e-01 2.0915e+01 1.6485e-12
  1200 7.0288e-02 4.9169e+01    1.6302e-01 2.1200e+01 1.5348e-12
  1152 6.2582e-02 4.8858e+01    1.6933e-01 1.8057e+01 1.3642e-12
  1104 5.5232e-02 4.8724e+01    1.2716e-01 2.1163e+01 1.2506e-12
  1056 4.8411e-02 4.8650e+01    1.1316e-01 2.0812e+01 1.1937e-12
  1008 4.1379e-02 4.9503e+01    1.0064e-01 2.0353e+01 1.0232e-12
   960 3.5815e-02 4.9406e+01    1.2956e-01 1.3658e+01 1.0232e-12
   912 3.1059e-02 4.8845e+01    7.6330e-02 1.9875e+01 1.0800e-12
   864 2.6196e-02 4.9241e+01    6.2182e-02 2.0745e+01 8.5265e-13
   816 2.2044e-02 4.9296e+01    5.2314e-02 2.0772e+01 8.2423e-13
   768 1.8035e-02 5.0233e+01    6.7099e-02 1.3502e+01 7.1054e-13
   720 1.4951e-02 4.9929e+01    3.6015e-02 2.0727e+01 6.8212e-13
   672 1.2041e-02 5.0405e+01    2.9498e-02 2.0575e+01 5.6843e-13
   624 9.6451e-03 5.0382e+01    2.3721e-02 2.0486e+01 5.4001e-13
   576 7.6353e-03 5.0057e+01    2.6872e-02 1.4223e+01 4.8317e-13
   528 5.9197e-03 4.9731e+01    1.4655e-02 2.0088e+01 4.2633e-13
   480 4.4016e-03 5.0251e+01    1.1067e-02 1.9986e+01 3.1264e-13
   432 3.2215e-03 5.0052e+01    8.1408e-03 1.9807e+01 2.7001e-13
   384 3.3717e-03 3.3587e+01    7.1183e-03 1.5909e+01 5.6843e-14
   336 2.2642e-03 3.3507e+01    4.0595e-03 1.8688e+01 5.6843e-14
   288 1.4390e-03 3.3200e+01    2.5313e-03 1.8874e+01 7.1054e-14
   240 5.4795e-04 5.0457e+01    1.3378e-03 2.0667e+01 4.2633e-14
   192 2.8260e-04 5.0091e+01    6.5933e-04 2.1470e+01 2.8422e-14
   144 1.1697e-04 5.1056e+01    2.6777e-04 2.2302e+01 2.8422e-14
    96 3.5486e-05 4.9864e+01    7.9319e-05 2.2308e+01 1.0658e-14
    48 4.8690e-06 4.5427e+01    8.9860e-06 2.4614e+01 5.3291e-15
];

% Maximum difference between reference and your implementation: 2.160050e-12.
