% number of repeats:% 1000
% enter first, last, inc:% 48 1488 48 
data = [
%  n          reference      |         current implementation 
%        time       GFLOPS   |    time       GFLOPS     diff 
  1488 1.3349e-01 4.9363e+01    1.5288e+00 4.3101e+00 2.1600e-12
  1440 1.2183e-01 4.9017e+01    1.6211e+00 3.6838e+00 2.1032e-12
  1392 1.1007e-01 4.9009e+01    1.2997e+00 4.1507e+00 1.9327e-12
  1344 9.9929e-02 4.8589e+01    1.1544e+00 4.2062e+00 1.7621e-12
  1296 8.9627e-02 4.8574e+01    9.4794e-01 4.5927e+00 1.8190e-12
  1248 7.8815e-02 4.9325e+01    7.3809e-01 5.2670e+00 1.6485e-12
  1200 7.0324e-02 4.9144e+01    6.3678e-01 5.4273e+00 1.5348e-12
  1152 6.2588e-02 4.8853e+01    5.6852e-01 5.3782e+00 1.3642e-12
  1104 5.5138e-02 4.8808e+01    4.9551e-01 5.4311e+00 1.2506e-12
  1056 4.7956e-02 4.9111e+01    4.3537e-01 5.4096e+00 1.1937e-12
  1008 4.1656e-02 4.9173e+01    3.7763e-01 5.4243e+00 1.0232e-12
   960 3.6022e-02 4.9122e+01    3.3541e-01 5.2756e+00 1.0232e-12
   912 3.0745e-02 4.9345e+01    2.7911e-01 5.4355e+00 1.0800e-12
   864 2.5938e-02 4.9732e+01    2.3820e-01 5.4154e+00 8.5265e-13
   816 2.1946e-02 4.9517e+01    1.9928e-01 5.4530e+00 8.2423e-13
   768 1.8021e-02 5.0273e+01    2.0064e-01 4.5153e+00 7.1054e-13
   720 1.5036e-02 4.9649e+01    1.3641e-01 5.4725e+00 6.8212e-13
   672 1.2043e-02 5.0396e+01    1.1147e-01 5.4447e+00 5.6843e-13
   624 9.6619e-03 5.0295e+01    8.8626e-02 5.4831e+00 5.4001e-13
   576 7.6400e-03 5.0027e+01    7.1451e-02 5.3492e+00 4.8317e-13
   528 5.9238e-03 4.9697e+01    5.3508e-02 5.5019e+00 4.2633e-13
   480 4.4044e-03 5.0219e+01    4.0513e-02 5.4596e+00 3.1264e-13
   432 3.2243e-03 5.0009e+01    2.9216e-02 5.5190e+00 2.7001e-13
   384 3.3694e-03 3.3610e+01    2.1040e-02 5.3824e+00 5.6843e-14
   336 2.2719e-03 3.3393e+01    1.3695e-02 5.5396e+00 5.6843e-14
   288 1.4441e-03 3.3083e+01    8.7130e-03 5.4833e+00 7.1054e-14
   240 5.4893e-04 5.0367e+01    4.9279e-03 5.6105e+00 4.2633e-14
   192 2.8183e-04 5.0228e+01    2.6063e-03 5.4313e+00 2.8422e-14
   144 1.1647e-04 5.1275e+01    9.5220e-04 6.2718e+00 2.8422e-14
    96 3.5466e-05 4.9892e+01    2.7068e-04 6.5372e+00 1.0658e-14
    48 4.8690e-06 4.5427e+01    2.4776e-05 8.9273e+00 5.3291e-15
];

% Maximum difference between reference and your implementation: 2.160050e-12.
