% number of repeats:% 1000
% enter first, last, inc:% 48 1488 48 
data = [
%  n          reference      |         current implementation 
%        time       GFLOPS   |    time       GFLOPS     diff 
  1488 1.3362e-01 4.9312e+01    6.4781e-01 1.0172e+01 2.1600e-12
  1440 1.2162e-01 4.9105e+01    1.5156e-01 3.9404e+01 2.1032e-12
  1392 1.1030e-01 4.8907e+01    1.1374e-01 4.7428e+01 1.9327e-12
  1344 9.8989e-02 4.9050e+01    1.3126e-01 3.6990e+01 1.7621e-12
  1296 9.0429e-02 4.8143e+01    9.3382e-02 4.6621e+01 1.8190e-12
  1248 7.8486e-02 4.9532e+01    8.4603e-02 4.5951e+01 1.6485e-12
  1200 7.0155e-02 4.9262e+01    7.4033e-02 4.6682e+01 1.5348e-12
  1152 6.2130e-02 4.9214e+01    8.2908e-02 3.6880e+01 1.3642e-12
  1104 5.4902e-02 4.9017e+01    5.7796e-02 4.6562e+01 1.2506e-12
  1056 4.7820e-02 4.9251e+01    5.2847e-02 4.4566e+01 1.1937e-12
  1008 4.1299e-02 4.9598e+01    4.3715e-02 4.6858e+01 1.0232e-12
   960 3.5792e-02 4.9437e+01    4.5284e-02 3.9075e+01 1.0232e-12
   912 3.0687e-02 4.9438e+01    3.3543e-02 4.5229e+01 1.0800e-12
   864 2.5901e-02 4.9802e+01    2.8672e-02 4.4990e+01 8.5265e-13
   816 2.1856e-02 4.9720e+01    2.3066e-02 4.7112e+01 8.2423e-13
   768 1.8038e-02 5.0227e+01    2.3951e-02 3.7825e+01 7.1054e-13
   720 1.4966e-02 4.9879e+01    1.5569e-02 4.7947e+01 6.8212e-13
   672 1.2088e-02 5.0208e+01    1.2762e-02 4.7559e+01 5.6843e-13
   624 9.6610e-03 5.0299e+01    9.9742e-03 4.8720e+01 5.4001e-13
   576 7.6351e-03 5.0059e+01    8.8225e-03 4.3322e+01 4.8317e-13
   528 5.9228e-03 4.9706e+01    6.1330e-03 4.8002e+01 4.2633e-13
   480 4.4048e-03 5.0214e+01    4.5515e-03 4.8596e+01 3.1264e-13
   432 3.2289e-03 4.9938e+01    3.3686e-03 4.7866e+01 2.7001e-13
   384 3.3611e-03 3.3693e+01    2.9261e-03 3.8702e+01 5.6843e-14
   336 2.2549e-03 3.3645e+01    1.6034e-03 4.7315e+01 5.6843e-14
   288 1.4330e-03 3.3339e+01    1.0281e-03 4.6470e+01 7.1054e-14
   240 5.3856e-04 5.1337e+01    5.8273e-04 4.7445e+01 4.2633e-14
   192 2.7693e-04 5.1117e+01    2.8441e-04 4.9772e+01 2.8422e-14
   144 1.1677e-04 5.1143e+01    1.1699e-04 5.1047e+01 2.8422e-14
    96 3.5407e-05 4.9975e+01    3.5146e-05 5.0346e+01 1.0658e-14
    48 4.8690e-06 4.5427e+01    4.4880e-06 4.9283e+01 5.3291e-15
];

% Maximum difference between reference and your implementation: 2.160050e-12.
