% number of repeats:% 1000
% enter first, last, inc:% 48 1488 48 
data = [
%  n          reference      |         current implementation 
%        time       GFLOPS   |    time       GFLOPS     diff 
  1488 1.3404e-01 4.9158e+01    7.4256e-01 8.8738e+00 2.1600e-12
  1440 1.2244e-01 4.8773e+01    2.2229e-01 2.6866e+01 2.1032e-12
  1392 1.1083e-01 4.8675e+01    1.9849e-01 2.7177e+01 1.9327e-12
  1344 1.0039e-01 4.8368e+01    2.3070e-01 2.1046e+01 1.7621e-12
  1296 9.0411e-02 4.8153e+01    1.5387e-01 2.8293e+01 1.8190e-12
  1248 7.8798e-02 4.9335e+01    1.4116e-01 2.7540e+01 1.6485e-12
  1200 7.0581e-02 4.8965e+01    1.1449e-01 3.0185e+01 1.5348e-12
  1152 6.2879e-02 4.8627e+01    1.5389e-01 1.9869e+01 1.3642e-12
  1104 5.5264e-02 4.8697e+01    9.0489e-02 2.9740e+01 1.2506e-12
  1056 4.8467e-02 4.8593e+01    9.1715e-02 2.5679e+01 1.1937e-12
  1008 4.1839e-02 4.8959e+01    7.7313e-02 2.6495e+01 1.0232e-12
   960 3.5842e-02 4.9369e+01    7.0186e-02 2.5211e+01 1.0232e-12
   912 3.1136e-02 4.8725e+01    5.8677e-02 2.5855e+01 1.0800e-12
   864 2.6025e-02 4.9566e+01    4.8631e-02 2.6525e+01 8.5265e-13
   816 2.2102e-02 4.9165e+01    3.9910e-02 2.7228e+01 8.2423e-13
   768 1.8059e-02 5.0168e+01    3.6515e-02 2.4811e+01 7.1054e-13
   720 1.4893e-02 5.0123e+01    2.7566e-02 2.7080e+01 6.8212e-13
   672 1.2099e-02 5.0165e+01    2.2595e-02 2.6861e+01 5.6843e-13
   624 9.6750e-03 5.0227e+01    1.8195e-02 2.6707e+01 5.4001e-13
   576 7.6619e-03 4.9884e+01    1.5175e-02 2.5187e+01 4.8317e-13
   528 5.9419e-03 4.9546e+01    1.1308e-02 2.6034e+01 4.2633e-13
   480 4.4291e-03 4.9939e+01    7.9528e-03 2.7812e+01 3.1264e-13
   432 3.2336e-03 4.9865e+01    5.9670e-03 2.7023e+01 2.7001e-13
   384 3.3402e-03 3.3904e+01    4.4570e-03 2.5409e+01 5.6843e-14
   336 2.2420e-03 3.3839e+01    2.8752e-03 2.6386e+01 5.6843e-14
   288 1.4265e-03 3.3492e+01    1.9437e-03 2.4580e+01 7.1054e-14
   240 5.5070e-04 5.0205e+01    1.0804e-03 2.5590e+01 4.2633e-14
   192 2.8214e-04 5.0173e+01    5.2347e-04 2.7042e+01 2.8422e-14
   144 1.1700e-04 5.1043e+01    1.8640e-04 3.2039e+01 2.8422e-14
    96 3.5326e-05 5.0090e+01    5.6075e-05 3.1555e+01 1.0658e-14
    48 4.8890e-06 4.5241e+01    7.1830e-06 3.0793e+01 5.3291e-15
];

% Maximum difference between reference and your implementation: 2.160050e-12.
